{
  "messages": [
    "Bitget semi-auto trade report\nGenerated: 2026-07-03 20:26:31 CEST\nMode: TradingView/Pine signal side + confirmed Bitget futures execution\nHistory: orders 185 | fills 598 | plan/order-plan history 9\nCurrent: active orders 8 | positions 1\nRealized PnL gross: 678.72 USDT | fees: -97.91 | net est: 580.81 USDT\nLocal log/workbook: C:\\Users\\anmar\\.openclaw\\workspace-tvflow\\reports\\trade_journal\\bitget_futures_trade_report_latest.xls\nRead-only snapshot; not an instruction to place/cancel/modify orders.",
    "Order state changes since previous refresh (11)\n- REMOVED from active orders: UNHUSDT open/buy long qty 10 @ 393 | TP 417.5 SL 389 | isolated 7x | id 1450657186294951937 | history status canceled fill/qty 0\n- REMOVED from active orders: GEUSDT open/buy long qty 4.44 @ 344.2 | TP 356 SL 335.2 | isolated 10x | id 1450791668792586241 | history status canceled fill/qty 0\n- REMOVED from active orders: GEUSDT open/buy long qty 11.11 @ 340.6 | TP 352.4 SL 335.2 | isolated 10x | id 1450791668821946373 | history status canceled fill/qty 0\n- NEW active order: GEUSDT open/buy long qty 5.06 @ 372.7 | TP 382.7 SL 364.8 | isolated 15x | id 1456961799646244866\n- NEW active order: GEUSDT open/buy long qty 14.11 @ 369.05 | TP 386.8 SL 364.8 | isolated 15x | id 1456961826972135425\n- NEW active order: LLYUSDT open/buy long qty 0.94 @ 1193.3 | TP 1222 SL 1166.8 | isolated 10x | id 1456986126345203713\n- NEW active order: LLYUSDT open/buy long qty 2.41 @ 1181.3 | TP 1222 SL 1166.8 | isolated 10x | id 1456986144347156481\n- NEW active order: LLYUSDT open/buy long qty 4.76 @ 1175.2 | TP 1205.1 SL 1166.8 | isolated 10x | id 1456986162890174465\n- NEW active order: PANWUSDT open/buy long qty 2.61 @ 338.5 | TP 357.1 SL 323.2 | isolated 5x | id 1456993107516747777\n- NEW active order: PANWUSDT open/buy long qty 5.88 @ 333.4 | TP 359.4 SL 323.2 | isolated 5x | id 1456993126252703746\n- NEW active order: HOODUSDT open/buy long qty 22.47 @ 107.05 | TP 120.09 SL 102.6 | isolated 5x | id 1456996375089278978",
    "Active Bitget futures orders / planned legs\n- HOODUSDT open/buy long qty 22.47 @ 107.05 | TP 120.09 SL 102.6 | isolated 5x | id 1456996375089278978\n- PANWUSDT open/buy long qty 5.88 @ 333.4 | TP 359.4 SL 323.2 | isolated 5x | id 1456993126252703746\n- PANWUSDT open/buy long qty 2.61 @ 338.5 | TP 357.1 SL 323.2 | isolated 5x | id 1456993107516747777\n- LLYUSDT open/buy long qty 4.76 @ 1175.2 | TP 1205.1 SL 1166.8 | isolated 10x | id 1456986162890174465\n- LLYUSDT open/buy long qty 2.41 @ 1181.3 | TP 1222 SL 1166.8 | isolated 10x | id 1456986144347156481\n- LLYUSDT open/buy long qty 0.94 @ 1193.3 | TP 1222 SL 1166.8 | isolated 10x | id 1456986126345203713\n- GEUSDT open/buy long qty 14.11 @ 369.05 | TP 386.8 SL 364.8 | isolated 15x | id 1456961826972135425\n- GEUSDT open/buy long qty 5.06 @ 372.7 | TP 382.7 SL 364.8 | isolated 15x | id 1456961799646244866",
    "Current Bitget futures positions\n- UNHUSDT long qty 16.43 | avg 415.427634746207 mark 425.09 | uPnL 158.752661119818 | liq 374.123785649923 | isolated 8x",
    "Recent Bitget futures executions (latest 8)\n- 2026-07-03 13:10:13 | MSTRUSDT close/sell short qty 16 avg 104.94 | status filled | PnL -69.39 fee -1.01 net -70.39 | id 1456896080044781571\n- 2026-07-03 13:10:13 | MSTRUSDT close/sell short qty 5.3 avg 104.93 | status filled | PnL -22.92 fee -0.33 net -23.26 | id 1456896080044781568\n- 2026-07-03 13:10:13 | MSTRUSDT close/sell short qty 1.98 avg 104.91 | status filled | PnL -8.53 fee -0.12 net -8.65 | id 1456896080023810050\n- 2026-07-02 15:50:53 | UNHUSDT close/buy long qty 2.68 avg 429.52 | status filled | PnL 37.78 fee -0.69 net 37.09 | id 1456574123772375041\n- 2026-07-01 14:33:50 | METAUSDT close/sell short qty 4.08 avg 579.25 | status filled | PnL -60.57 fee -1.42 net -61.98 | id 1456192344330760197\n- 2026-07-01 14:33:50 | METAUSDT close/sell short qty 3.02 avg 579.25 | status filled | PnL -44.80 fee -1.05 net -45.85 | id 1456192344330760194\n- 2026-07-01 14:33:50 | METAUSDT close/sell short qty 1.52 avg 578.98 | status filled | PnL -22.14 fee -0.53 net -22.67 | id 1456192344318177281\n- 2026-06-27 20:06:46 | HOODUSDT open/buy long qty 0 avg n/a | status canceled | PnL 0.00 fee 0.00 net 0.00 | id 1454826577349734401"
  ],
  "source": {
    "history_json": "C:\\Users\\anmar\\.openclaw\\workspace-tvflow\\reports\\trade_journal\\raw_bitget_history_latest.json",
    "open_orders_json": [
      "C:\\Users\\anmar\\.openclaw\\workspace-tvflow\\reports\\trade_journal\\raw_open_orders_BTCUSDT_latest.json",
      "C:\\Users\\anmar\\.openclaw\\workspace-tvflow\\reports\\trade_journal\\raw_open_orders_TQQQUSDT_latest.json",
      "C:\\Users\\anmar\\.openclaw\\workspace-tvflow\\reports\\trade_journal\\raw_open_orders_GOOGLUSDT_latest.json",
      "C:\\Users\\anmar\\.openclaw\\workspace-tvflow\\reports\\trade_journal\\raw_open_orders_GMEUSDT_latest.json",
      "C:\\Users\\anmar\\.openclaw\\workspace-tvflow\\reports\\trade_journal\\raw_open_orders_AAPLUSDT_latest.json",
      "C:\\Users\\anmar\\.openclaw\\workspace-tvflow\\reports\\trade_journal\\raw_open_orders_NEARUSDT_latest.json",
      "C:\\Users\\anmar\\.openclaw\\workspace-tvflow\\reports\\trade_journal\\raw_open_orders_INTCUSDT_latest.json",
      "C:\\Users\\anmar\\.openclaw\\workspace-tvflow\\reports\\trade_journal\\raw_open_orders_NVDAUSDT_latest.json",
      "C:\\Users\\anmar\\.openclaw\\workspace-tvflow\\reports\\trade_journal\\raw_open_orders_FUTUUSDT_latest.json",
      "C:\\Users\\anmar\\.openclaw\\workspace-tvflow\\reports\\trade_journal\\raw_open_orders_MRVLUSDT_latest.json",
      "C:\\Users\\anmar\\.openclaw\\workspace-tvflow\\reports\\trade_journal\\raw_open_orders_JDUSDT_latest.json",
      "C:\\Users\\anmar\\.openclaw\\workspace-tvflow\\reports\\trade_journal\\raw_open_orders_ARMUSDT_latest.json",
      "C:\\Users\\anmar\\.openclaw\\workspace-tvflow\\reports\\trade_journal\\raw_open_orders_APPUSDT_latest.json",
      "C:\\Users\\anmar\\.openclaw\\workspace-tvflow\\reports\\trade_journal\\raw_open_orders_CLUSDT_latest.json",
      "C:\\Users\\anmar\\.openclaw\\workspace-tvflow\\reports\\trade_journal\\raw_open_orders_ASMLUSDT_latest.json",
      "C:\\Users\\anmar\\.openclaw\\workspace-tvflow\\reports\\trade_journal\\raw_open_orders_UNHUSDT_latest.json",
      "C:\\Users\\anmar\\.openclaw\\workspace-tvflow\\reports\\trade_journal\\raw_open_orders_GEUSDT_latest.json",
      "C:\\Users\\anmar\\.openclaw\\workspace-tvflow\\reports\\trade_journal\\raw_open_orders_LLYUSDT_latest.json",
      "C:\\Users\\anmar\\.openclaw\\workspace-tvflow\\reports\\trade_journal\\raw_open_orders_HOODUSDT_latest.json",
      "C:\\Users\\anmar\\.openclaw\\workspace-tvflow\\reports\\trade_journal\\raw_open_orders_PANWUSDT_latest.json"
    ],
    "previous_open_orders_json": [
      "C:\\Users\\anmar\\.openclaw\\workspace-tvflow\\reports\\trade_journal\\raw_open_orders_BTCUSDT_previous.json",
      "C:\\Users\\anmar\\.openclaw\\workspace-tvflow\\reports\\trade_journal\\raw_open_orders_TQQQUSDT_previous.json",
      "C:\\Users\\anmar\\.openclaw\\workspace-tvflow\\reports\\trade_journal\\raw_open_orders_GOOGLUSDT_previous.json",
      "C:\\Users\\anmar\\.openclaw\\workspace-tvflow\\reports\\trade_journal\\raw_open_orders_GMEUSDT_previous.json",
      "C:\\Users\\anmar\\.openclaw\\workspace-tvflow\\reports\\trade_journal\\raw_open_orders_AAPLUSDT_previous.json",
      "C:\\Users\\anmar\\.openclaw\\workspace-tvflow\\reports\\trade_journal\\raw_open_orders_NEARUSDT_previous.json",
      "C:\\Users\\anmar\\.openclaw\\workspace-tvflow\\reports\\trade_journal\\raw_open_orders_INTCUSDT_previous.json",
      "C:\\Users\\anmar\\.openclaw\\workspace-tvflow\\reports\\trade_journal\\raw_open_orders_NVDAUSDT_previous.json",
      "C:\\Users\\anmar\\.openclaw\\workspace-tvflow\\reports\\trade_journal\\raw_open_orders_FUTUUSDT_previous.json",
      "C:\\Users\\anmar\\.openclaw\\workspace-tvflow\\reports\\trade_journal\\raw_open_orders_MRVLUSDT_previous.json",
      "C:\\Users\\anmar\\.openclaw\\workspace-tvflow\\reports\\trade_journal\\raw_open_orders_JDUSDT_previous.json",
      "C:\\Users\\anmar\\.openclaw\\workspace-tvflow\\reports\\trade_journal\\raw_open_orders_ARMUSDT_previous.json",
      "C:\\Users\\anmar\\.openclaw\\workspace-tvflow\\reports\\trade_journal\\raw_open_orders_APPUSDT_previous.json",
      "C:\\Users\\anmar\\.openclaw\\workspace-tvflow\\reports\\trade_journal\\raw_open_orders_CLUSDT_previous.json",
      "C:\\Users\\anmar\\.openclaw\\workspace-tvflow\\reports\\trade_journal\\raw_open_orders_ASMLUSDT_previous.json",
      "C:\\Users\\anmar\\.openclaw\\workspace-tvflow\\reports\\trade_journal\\raw_open_orders_UNHUSDT_previous.json",
      "C:\\Users\\anmar\\.openclaw\\workspace-tvflow\\reports\\trade_journal\\raw_open_orders_GEUSDT_previous.json",
      "C:\\Users\\anmar\\.openclaw\\workspace-tvflow\\reports\\trade_journal\\raw_open_orders_LLYUSDT_previous.json"
    ],
    "positions_json": "C:\\Users\\anmar\\.openclaw\\workspace-tvflow\\reports\\trade_journal\\raw_positions_latest.json",
    "workbook": "C:\\Users\\anmar\\.openclaw\\workspace-tvflow\\reports\\trade_journal\\bitget_futures_trade_report_latest.xls"
  }
}
